75.78
74.82
73.84
72.85
71.87
70.88
69.89
68.90
67.90
66.91
65.92
64.92
63.93
62.94
61.96
60.99
60.02
59.05
58.09
57.14
56.20
55.27
54.33
53.40
52.47
51.54
50.61
49.68
48.75
47.82
46.89
45.96
45.03
44.10
43.17
42.24
41.31
40.38
39.46
38.53
37.61
36.70
35.78
34.88
33.98
33.08
32.19
31.32
30.44
29.58
28.73
27.89
27.05
26.23
25.41
24.61
23.82
23.03
22.25
21.48
20.72
19.97
19.22
18.48
17.75
17.03
16.32
15.61
14.92
14.24
13.57
12.92
12.27
11.65
11.03
10.43
9.85
9.28
8.73
8.20
7.68
7.19
6.72
6.27
5.84
5.43
5.04
4.68
4.34
4.03
3.74
3.47
3.23
3.01
2.82
2.64
2.49
2.36
2.24
2.12
